[[0.0, 0.484276756983021, 0.27435465172202556, 0.29190219263000805, 0.34530029353627034, 0.24790617655874925, 0.5206084837989491], [0.484276756983021, 0.0, 0.5000033031862534, 0.5547436607134186, 0.5648113613837413, 0.5115282172070503, 0.6551267965151768], [0.27435465172202556, 0.5000033031862534, 0.0, 0.34079796777793536, 0.34738273503058803, 0.25514140038635713, 0.5104375560376984], [0.29190219263000805, 0.5547436607134186, 0.34079796777793536, 0.0, 0.31725432174299273, 0.16547062151610936, 0.4482381278616666], [0.34530029353627034, 0.5648113613837413, 0.34738273503058803, 0.31725432174299273, 0.0, 0.20744177204546377, 0.5047123684646548], [0.24790617655874925, 0.5115282172070503, 0.25514140038635713, 0.16547062151610936, 0.20744177204546377, 0.0, 0.2608625387004784], [0.5206084837989491, 0.6551267965151768, 0.5104375560376984, 0.4482381278616666, 0.5047123684646548, 0.2608625387004784, 0.0]]